image: 6th_floor.pgm
resolution: 0.050000
origin: [-0.612585, -1.267606, 0.000000]
negate: 0
occupied_thresh: 0.65
free_thresh: 0.196

