image: f10.pgm
resolution: 0.050000
origin: [-11.558604, -5.036220, 0.000000]
negate: 0
occupied_thresh: 0.65
free_thresh: 0.196

