image: f7.pgm
resolution: 0.050000
origin: [-3.714243, -13.663249, 0.000000]
negate: 0
occupied_thresh: 0.65
free_thresh: 0.196

