image: f_2.pgm
resolution: 0.050000
origin: [-8.923939, -11.432732, 0.000000]
negate: 0
occupied_thresh: 0.65
free_thresh: 0.196

